spawns:
  default:
    world: 59c784d7-916b-4504-89d7-002bf9d6631f
    world-name: world_danish_survival
    x: -48.95988244183975
    y: 87.0
    z: -46.06528555693761
    yaw: 6.556732177734375
    pitch: 90.0
